48.375	15.56	spring	2014
48.375	15.56	fall	2014
40.231444	32.260328	spring	2014
40.231444	32.260328	fall	2014
48.7543324	2.1584108	spring	2014
48.7543324	2.1584108	fall	2014
44.976813	4.930005	spring	2014
53.39052	-1.520599	spring	2014
55.972871	-3.351475	spring	2014
35.066461	33.322646	spring	2014
52.475769	-0.921517	fall	2014
52.433592	-1.102667	fall	2014
48.218024	7.819513	spring	2014
48.218024	7.819513	fall	2014
44.5015	34.16611944	spring	2014
44.5015	34.16611944	spring	2014
46.44155556	30.77169444	spring	2014
46.44155556	30.77169444	spring	2014
46.44155556	30.77169444	spring	2014
46.44155556	30.77169444	fall	2014
50.34402778	30.48911111	spring	2014
50.34402778	30.48911111	fall	2014
50.48469444	32.71425	spring	2014
50.25375	32.51880556	spring	2014
49.32991667	23.50280556	spring	2014
51.37330556	30.13830556	fall	2014
51.38691667	30.07330556	fall	2014
55.694	13.198	spring	2014
48.18	11.61	spring	2014
48.18	11.61	fall	2014
41.15	-8.41	fall	2014
41.6175899	0.6200146	fall	2014
41.6175899	0.6200146	spring	2014
61.1	23.52	spring	2014
61.1	23.52	spring	2014
62.55	26.24	spring	2014
55.945128	10.212586	fall	2014
55.945128	10.212586	fall	2014
46.5670416	6.701867	spring	2014
46.5670416	6.701867	fall	2014
46.8136889	13.50794792	spring	2014
49.81852778	36.05475	spring	2014
49.81852778	36.05475	fall	2014
51.27263889	30.22136111	fall	2014
51.27888889	29.39438889	fall	2014
50.34402778	30.48911111	fall	2014
48.75327778	30.20580556	fall	2014
57.9788789	33.243615	spring	2014
16.32	-61.78	fall	2015
16.25	-61.28	fall	2015
40.231444	32.260328	spring	2015
40.231444	32.260328	spring	2015
40.231444	32.260328	spring	2015
40.231444	32.260328	spring	2015
40.231444	32.260328	spring	2015
40.231444	32.260328	fall	2015
48.75327778	30.20580556	spring	2015
49.32991667	23.50280556	spring	2015
46.44155556	30.77169444	spring	2015
54.27342	19.620169	spring	2015
52.142193	23.662434	spring	2015
55.694	13.198	spring	2015
55.694	13.198	spring	2015
41.15	-8.41	spring	2015
53.391	-1.521	fall	2015
50.48469444	32.71425	spring	2015
49.81852778	36.05475	spring	2015
46.44155556	30.77169444	spring	2015
50.25375	32.51880556	spring	2015
46.44155556	30.77169444	spring	2015
44.5015	34.16611944	spring	2015
51.279245	30.213118	spring	2015
51.279245	30.213118	spring	2015
51.3352	30.136179	spring	2015
51.38691667	30.07330556	spring	2015
39.15805	-3.021	fall	2015
39.15805	-3.021	spring	2015
41.656416	0.388472	spring	2015
41.656416	0.388472	fall	2015
37.3308	-3.173416	spring	2015
37.661547	-2.79631	spring	2015
61.1	23.52	fall	2015
61.1	23.52	spring	2015
58.024	33.23528	spring	2015
53.99778	38.13167	spring	2015
58.024	33.23528	fall	2015
46.5670416	6.701867	spring	2015
48.754	2.158	spring	2015
48.754	2.158	fall	2015
52.4608	-0.959	spring	2015
46.212856	11.08755	spring	2015
46.217939	11.123423	fall	2015
48.18	11.61	spring	2015
48.18	11.61	spring	2015
44.977	4.93	spring	2015
44.977	4.93	spring	2015
44.977	4.93	fall	2015
48.375	15.56	spring	2015
48.375	15.56	fall	2015
56.344534	-2.952766	spring	2015
48.218	7.82	spring	2015
48.218	7.82	fall	2015
56.41472	38.71611	spring	2015
44.5015	34.16611944	spring	2015
50.383374	30.368038	spring	2015
51.37330556	30.13830556	spring	2015
46.44155556	30.77169444	spring	2015
51.279245	30.213118	spring	2015
51.27888889	29.39438889	spring	2015
51.27263889	30.22136111	spring	2015
51.279245	30.213118	spring	2015
46.8136889	13.50794792	spring	2016
55.945128	10.212586	spring	2016
55.945128	10.212586	spring	2016
55.945128	10.212586	fall	2016
61.1	23.52	spring	2016
61.1	23.52	spring	2016
62.55	26.24	spring	2016
44.976813	4.930005	spring	2016
48.7543324	2.1584108	spring	2016
48.218024	7.819513	spring	2016
48.218024	7.819513	fall	2016
48.18	11.61	spring	2016
48.18	11.61	spring	2016
46.25	20.13	spring	2016
46.2	11.13333	spring	2016
54.35	18.64	spring	2016
54.27342	19.620169	spring	2016
41.15	-8.41	fall	2016
58.02444	33.235277	spring	2016
58.02444	33.235277	spring	2016
58.02444	33.235277	fall	2016
56.41472	38.71611	fall	2016
56.3447	-2.9525	spring	2016
43.4	22.42	spring	2016
43.4	22.42	spring	2016
45.15	20.18	spring	2016
45.15	20.18	spring	2016
37.353733	-3.167179	fall	2016
41.656416	0.388472	spring	2016
41.656416	0.388472	fall	2016
37.3377875	-3.1786148	spring	2016
39.152529	-3.0616048	spring	2016
39.152529	-3.0616048	fall	2016
46.5670416	6.701867	spring	2016
40.231444	32.260328	spring	2016
40.231444	32.260328	spring	2016
40.231444	32.260328	spring	2016
40.231444	32.260328	spring	2016
40.231444	32.260328	spring	2016
50.3834	30.3682	spring	2016
50.38	30.36	fall	2016
46.44	30.77	spring	2016
46.44155556	30.77169444	spring	2016
51.4	30.05416645	spring	2016
50.53752	32.51880556	spring	2016
48.75	30.2	spring	2016
48.76	30.17	spring	2016
40.231444	32.260328	fall	2016
52.46	-0.959	fall	2016
51.27	30.21	spring	2016
51.37	30.13	spring	2016
49.32991667	23.50280556	spring	2016
49.72	31.53	spring	2016
49.81852778	36.05475	spring	2016
50.38	30.36	spring	2016
50.48469444	32.71425	spring	2016
44.5015	34.1661	spring	2016
51.38691667	30.07330556	spring	2016
39.88	-75.41	spring	2011
47.61	-122.33	spring	2014
30.99	-83.37	spring	2008
44	-69.96	fall	2009
44	-69.96	fall	2009
39.88	-75.41	spring	2009
39.88	-75.41	fall	2009
39.88	-75.41	fall	2010
39.88	-75.41	spring	2010
25.5	-80.477	spring	2010
25.5	-80.477	fall	2010
33.39	-80.34	spring	2010
39.88	-75.41	fall	2011
39.88	-75.41	frost	2011
38.68	-122.046	spring	2012
38.68	-122.046	fall	2012
38.74	-120.74	fall	2012
38.02	-121.2	fall	2012
37.97	-120.26	fall	2012
38.02	-121.2	frost	2012
37.97	-120.26	frost	2012
38.74	-120.74	frost	2012
38.68	-122.046	frost	2012
41.38	2.17	spring	2012
41.38	2.17	fall	2012
42.45	-71.67	spring	2012
42.45	-71.67	fall	2012
42.44	-76.5	spring	2012
42.44	-76.5	fall	2012
39.88	-75.41	spring	2012
39.88	-75.41	fall	2012
38	-78.47	spring	2012
48.2	16.37	spring	2012
48.2	16.37	fall	2012
43.11	-89.65	spring	2012
43.11	-89.65	fall	2012
43.11	-89.65	frost	2012
43.11	-89.65	spring	2013
43.11	-89.65	fall	2013
39.88	-75.41	spring	2013
46.49	30.71	fall	2013
46.49	30.71	spring	2013
38.68	-122.046	spring	2013
37.97	-120.26	spring	2013
38.74	-120.74	fall	2013
37.97	-120.26	fall	2013
38.02	-121.2	fall	2013
38.68	-122.046	fall	2013
37.97	-120.26	frost	2013
38.74	-120.74	frost	2013
33.95	-83.36	fall	2014
33.95	-83.36	spring	2014
42.1111	-86.4483	fall	2014
42.1111	-86.4483	spring	2014
38	-78.47	fall	2014
38	-78.47	spring	2014
43.11	-89.65	spring	2014
43.11	-89.65	fall	2014
42.45	-71.67	fall	2014
42.45	-71.67	spring	2014
39.88	-75.41	fall	2014
39.88	-75.41	spring	2014
40.793395	-77.860001	fall	2014
40.793395	-77.860001	spring	2014
39.202831	-95.741527	fall	2014
39.0913433	-95.6246509	spring	2014
38	-78.47	fall	2015
38	-78.47	spring	2015
39.88	-75.41	fall	2015
39.88	-75.41	spring	2015
40.793395	-77.860001	spring	2015
46.53	-80.96	spring	2015
46.53	-80.96	fall	2015
40.11	-88.21	spring	2015
39.88	-75.41	fall	2012
38	-78.47	fall	2012
39.91	116.41	NA	1992
0.51	25.19	NA	2010
6.25	10.43	NA	2004
8.25	34.59	NA	2011
6.98	39.18	NA	2008
9.81	38.63	NA	2011
30.1	31.32	NA	2011
7.93	38.72	NA	2008
45.77	4.86	NA	2010
-1.65	13.6	NA	2002
10.7	-12.25	NA	2005
42.35	-76.57	NA	2004
0.04	36.36	NA	2009
-0.25	35.73	NA	2009
0.47	35.98	NA	2009
-1.04	37.08	NA	2009
52.02	5.1	NA	1998
11.85	13.16	NA	2004
35.76	-78.66	NA	2003
-2.29	28.55	NA	2008
-2.49	28.92	NA	2008
-25.42	30.1	NA	2011
-23.94	31.14	NA	2010
-42.77	147.56	NA	2004
-8.89	33.44	NA	2009
0.53	32.6	NA	2005
1.68	31.72	NA	2010
38.53	-121.97	NA	1998
-16.54	28.72	NA	2010
-16.52	28.8	NA	1994
-17.86	25.86	NA	2010
-12.18	26.4	NA	2010
-18.16	28.22	NA	1990
-15.5998	34.5141	NA	2001
